#
#
#  Percent Identity  Matrix - created by Clustal2.1 
#
#

     1: Danio_rerio_XP_073805887.1             100.00   54.65   51.85   50.28   51.83   53.11
     2: Gallus_gallus_NP_990595.1               54.65  100.00   52.08   53.33   54.95   55.68
     3: Mus_musculus_BAA82343.1                 51.85   52.08  100.00   88.86   77.26   74.87
     4: Rattus_norvegicus_NP_001416923.1        50.28   53.33   88.86  100.00   77.38   76.33
     5: Homo_sapiens_NP_000537.3                51.83   54.95   77.26   77.38  100.00   83.16
     6: Canis_lupus_familiaris_NP_001376147.1   53.11   55.68   74.87   76.33   83.16  100.00
